////////
0 278.352294763309 133.225372958757 233.824720677691 230.835439220238 
278.352294763309 0 262.345192446898 101.400197238467 135.059246258818 
133.225372958757 262.345192446898 0 268.538637815864 155.2417469626 
233.824720677691 101.400197238467 268.538637815864 0 194.373352083047 
230.835439220238 135.059246258818 155.2417469626 194.373352083047 0 
////////
2
4
1
3
////////
0 278.352294763309 133.225372958757 233.824720677691 230.835439220238 
278.352294763309 0 262.345192446898 101.400197238467 135.059246258818 
133.225372958757 262.345192446898 0 268.538637815864 155.2417469626 
233.824720677691 101.400197238467 268.538637815864 0 194.373352083047 
230.835439220238 135.059246258818 155.2417469626 194.373352083047 0 
////////
2
4
1
3
