0 144 134 153 150 191 198 161 140 
780 161 128 147 144 214 196 170 158 
705 155 126 154 156 219 185 172 157 

4
123.22222222222223 124.33333333333333 122.22222222222223 122.55555555555556 118 117.22222222222223 121.33333333333333 123.66666666666667 
126.55555555555554 130.22222222222223 128.11111111111111 128.44444444444446 120.66666666666667 122.66666666666667 125.55555555555556 126.88888888888889 
127.88888888888889 131.11111111111111 128 127.77777777777777 120.77777777777777 124.55555555555556 126 127.66666666666666 
3
1699.765432098765 1664.055555555556 1707.6265432098762 1707.5617283950617 1487.25 1401.9320987654316 1695.3055555555559 1688.8888888888887 
2006.7006172839513 1887.7376543209873 1993.9969135802469 1984.033950617283 1550.6388888888887 1794.9722222222217 1985.478395061728 2008.6635802469136 
1976.9691358024695 1833.5802469135797 1976 1977.6543209876547 1448.376543209877 1874.006172839506 1950 1978.055555555556 
3
47.76156917137389 46.58089339664526 47.65129468098074 47.74844922395052 43.80591077617313 40.35811655685212 47.611000907431134 47.20836833816927 
49.23823625461234 47.68820199015159 49.033512937036264 49.0809002939285 44.14226206722445 42.56989894627771 49.012461672282434 48.763287732193305 
49.09714063066194 47.42247518069227 48.947797001251445 49.05056180278391 43.598358597864475 43.00091634586828 48.84326785560949 48.61660709671858 
44.036988754918546 43.36230275725129 44.033423519314006 44.019519613415646 40.72295487188942 37.861046574766334 44.02243161840004 43.729793687680235 
45.63433793048727 44.54968327424328 45.52561798596604 45.461395462152886 41.08455348399717 40.2104162129225 45.53447570101423 45.40399811985163 
45.482063574511265 44.26511971118193 45.43328442159265 45.42863983075465 40.49960625729447 40.6664490987906 45.35230857414113 45.246428592890325 
41.85460086022472 41.22943682498405 41.89324567184799 41.88236269035868 38.13733036118534 38.23858123218232 41.817814740008 41.29202685121525 
43.53210347458312 42.47648102573021 43.45898686226648 43.39530706075392 38.52320662353629 40.566091984932946 43.40672322808042 43.061115531090145 
43.37244910728222 42.17793242371056 43.36225293298157 43.360990699052216 37.8987469525858 41.01817072003708 43.21558789415038 42.89494056326371 
9
0.46992686450294924 0.6011048298617772 0.5689480483713291 0.4421318692905701 0.4159763351418239 0.3524005438209061 0.6021017437210054 0.569578865684889 
0.3204375090974113 0.34017265372203354 0.312711295089601 0.19016222761683702 0.29198523784894254 0.07830258976042928 0.4125934819890568 0.41925894243892675 
0.26704429102584126 0.3045906901613059 0.31779889001251344 0.21746268084662976 0.29053081524236835 0.010335697055143367 0.39582391150580937 0.38852750154512194 
0.23717435591637506 0.3023619659801992 0.3078469596989156 0.2978476645418751 0.20736325423854637 0.1349965617304817 0.30792382558644854 0.29473930247514535 
0.0827836657460079 0.029929131597310157 0.03905005261709568 0.02932891346116573 0.07572459348555223 0.14368858425098777 0.11224706186739447 0.1419356160537502 
0.0244296547646933 0.010040511521133078 0.04402059031086642 0.05870012125833853 0.07133128333484948 0.2349739347131675 0.09309828661356492 0.10805027138997478 
0.12742525848339148 0.21559569020119218 0.1697436185014834 0.20162292435303175 0.1107110063089114 0.19177838447524412 0.20724819602720895 0.25832267098685013 
0.03062873665435904 0.06801149292802679 0.10738093553484439 0.07681322150034949 0.02884264339594891 0.08764846159881941 0.005119534618048981 0.0980518542111103 
0.0922244439115245 0.11064237620247343 0.10249569945808762 0.04612440739375717 0.03518146219982986 0.17878255428273068 0.01542653239612405 0.06216739390823367 
9