4642 163 128 151 175 229 254 152 139 
685 155 133 150 149 211 233 158 140 
883 159 133 160 151 211 204 161 131 

4
134.44444444444446 138.33333333333334 135.77777777777777 133.11111111111111 127.11111111111111 124.33333333333333 135.66666666666666 137.11111111111111 
128.44444444444446 130.88888888888889 129 129.11111111111111 122.22222222222223 119.77777777777777 128.11111111111111 130.11111111111111 
125.88888888888889 128.77777777777777 125.77777777777777 126.77777777777777 120.11111111111111 120.88888888888889 125.66666666666667 129 
3
3188.4506172839497 2985.4722222222217 3158.0432098765436 3177.969135802469 2624.802469135802 2088.3055555555557 3162.1388888888896 3086.7469135802467 
2455.783950617283 2365.1358024691363 2447.25 2444.691358024691 2066.376543209876 1669.7654320987658 2457.4969135802467 2408.885802469136 
2054.1080246913584 1978.515432098766 2053.1820987654323 2051.2932098765436 1629.441358024691 1731.3302469135806 2051.972222222222 1964.75 
3
0.5057090973802986 0.1891184595717543 0.2708750620089256 0.743060205326747 1.9887423096772097 2.837470301634736 0.290458676856842 0.03399819814324629 
0.5358710720267077 0.04340932675869284 0.4245023767326518 0.40225226934488734 1.9529878356585186 2.7707921056087135 0.602924983307789 0.2014834558193807 
0.7305704719812822 0.09492298048335229 0.7552565015059022 0.5348107311606065 2.25160096751125 1.9974187863878166 0.7800076675213882 0.04512075384775608 
3